	Query	GCA_000018445	GCA_015537865	GCA_001420515	GCA_014531085	GCA_014531135	GCA_002119355	GCA_005519135	GCA_900444765	GCA_000189675	ERR1227000	ERR1226980	ERR1226999	GCA_017897945	ERR2518363	GCA_904890275	GCA_016515875	GCA_017953615	GCA_904886905	GCA_016473555	GCA_016473635
Query	0	0	2231	55	2232	2233	2134	7	30	53	57	58	59	794	86	56	2234	36	2217	525	526
GCA_000018445	0	0	2231	55	2232	2233	2134	7	30	53	57	58	59	794	86	56	2234	36	2217	525	526
GCA_015537865	2231	2231	0	2231	393	397	521	2231	2229	2230	2233	2233	2233	2258	2234	2231	323	2234	403	2206	2206
GCA_001420515	55	55	2231	0	2232	2232	2136	48	56	81	67	67	68	794	111	45	2235	64	2218	536	537
GCA_014531085	2232	2232	393	2232	0	56	417	2232	2231	2232	2232	2232	2232	2256	2234	2231	225	2233	242	2204	2204
GCA_014531135	2233	2233	397	2232	56	0	419	2233	2233	2234	2233	2233	2233	2261	2235	2232	223	2234	241	2202	2202
GCA_002119355	2134	2134	521	2136	417	419	0	2133	2132	2133	2133	2133	2133	2193	2134	2132	298	2134	406	2113	2113
GCA_005519135	7	7	2231	48	2232	2233	2133	0	23	48	51	51	53	791	79	49	2234	31	2217	523	524
GCA_900444765	30	30	2229	56	2231	2233	2132	23	0	57	50	50	52	794	77	56	2233	30	2217	531	532
GCA_000189675	53	53	2230	81	2232	2234	2133	48	57	0	85	84	87	804	111	81	2234	63	2216	546	547
ERR1227000	57	57	2233	67	2232	2233	2133	51	50	85	0	2	2	800	87	67	2235	44	2218	535	536
ERR1226980	58	58	2233	67	2232	2233	2133	51	50	84	2	0	4	800	87	67	2235	44	2218	536	537
ERR1226999	59	59	2233	68	2232	2233	2133	53	52	87	2	4	0	801	89	69	2235	46	2218	537	538
GCA_017897945	794	794	2258	794	2256	2261	2193	791	794	804	800	800	801	0	831	799	2260	795	2245	637	636
ERR2518363	86	86	2234	111	2234	2235	2134	79	77	111	87	87	89	831	0	110	2236	71	2218	578	579
GCA_904890275	56	56	2231	45	2231	2232	2132	49	56	81	67	67	69	799	110	0	2234	64	2217	536	537
GCA_016515875	2234	2234	323	2235	225	223	298	2234	2233	2234	2235	2235	2235	2260	2236	2234	0	2236	200	2204	2204
GCA_017953615	36	36	2234	64	2233	2234	2134	31	30	63	44	44	46	795	71	64	2236	0	2219	535	536
GCA_904886905	2217	2217	403	2218	242	241	406	2217	2217	2216	2218	2218	2218	2245	2218	2217	200	2219	0	2184	2184
GCA_016473555	525	525	2206	536	2204	2202	2113	523	531	546	535	536	537	637	578	536	2204	535	2184	0	2
GCA_016473635	526	526	2206	537	2204	2202	2113	524	532	547	536	537	538	636	579	537	2204	536	2184	2	0
